20
654 772 779 618 513 77 174 40 925 484 596 323 927 328 596
486 969 995 19 230 201 164 591 980 142 45 327 502 704 246
790 711 18 569 329 883 647 855 924 924 692 520 599 619 201
195 457 170 190 476 752 744 640 695 724 783 93 51 637 149
649 427 860 667 349 541 551 996 397 827 272 89 347 871 60
900 419 518 422 961 994 174 705 987 222 430 122 315 833 759
464 483 186 325 502 535 866 53 883 615 232 507 704 580 379
117 832 150 635 255 111 981 781 817 968 3 599 90 318 784
201 783 267 388 460 770 275 678 175 511 294 408 18 350 340
749 467 172 899 454 779 363 436 561 532 756 564 131 199 883
267 400 18 535 140 478 657 768 156 184 279 450 944 649 153
284 399 620 809 650 75 588 13 863 149 545 971 714 28 170
949 296 923 967 183 415 445 192 183 953 376 814 404 321 464
557 957 215 529 766 217 956 355 583 819 856 480 791 922 509
313 871 157 236 190 692 4 987 884 187 941 260 354 697 933
818 606 891 385 135 9 602 92 716 185 263 573 666 406 495
527 720 719 36 308 261 728 664 601 612 852 542 224 206 591
510 376 197 753 761 684 762 715 128 479 253 744 404 919 150
251 798 222 970 834 883 584 562 547 185 526 751 79 750 309
670 260 685 219 13 798 255 128 866 736 607 119 480 11 38
